515381
516112
562817
584865
2114887
513701
510880
1924552
513043
515445
510176
509084
516382
515636
1953784
511011
508125
510770
511548
512888
513343
2078671
2380366
2951611
1888135
512894
509705
507755
511487
508130
513329
585475
5422956
512780
3083767
3273034
1900186
2189023
507583
507685
2755150
581219
1883626
1933705
565291
1947880
508064
508128
2452222
2114893
1966930
3457330
3642082
508371
2370448
508698
2274049
2384890
511003
510289
2303326
510660
2987527
1968904
514992
2933764
1955323
3142537
2524246
563284
2273050
2014639
514410
510320
2560066
2677600
562119
3625624
2538517
510423
510518
2388583
583710
1958782
511574
2144467
2127934
2808733
2372599
3444637
510622
510773
1889209
4683333
568990
5541013
511065
2178997
2908501
511825
513114
3273259
3329467
515530
2504485
507576
510329
3488020
2190157
512421
509199
513342
1997656
507883
2301685
4534036
512216
508104
1960495
509952
8074001
4719450
512619
1998637
516520
2405902
2109325
3706684
4221563
3625642
510328
1960690
508149
3178285
512830
508517
509242
513812
508028
2102164
508389
6271139
4212460
509169
4111774
8064265
509481
2880715
512206
4734162
2344891
513362
4013473
5414722
510678
1935607
514239
3447199
4719387
3224647
3306151
1974373
512775
3054160
1926541
509774
511154
2639713
4175269
3006772
508995
3537253
2066287
1960831
512280
5477216
4220057
2266465
507748
514779
4287815
4214760
509331
2671657
513876
3056221
2264299
2210437
511945
510028
508781
3701701
5515399
3047323
515301
5322808
581603
3537250
579003
513070
3516520
4175455
5983552
585842
3070318
3625636
510492
2901988
3689446
508113
2650186
510689
513301
3380929
3576685
6336049
511757
4209470
509973
2421790
566327
2454607
511243
5739514
2042491
582367
5264987
511588
3305770
1934026
508383
510533
511120
2647642
2242489
2942740
6026269
2344609
2191453
509358
4174387
3670741
512509
2814988
5304049
509739
511978
2499901
512017
3452620
3429829
5530562
2064913
512664
2316673
4212462
512998
2405065
4017142
511586
510377
511483
4072492
512233
4273054
511820
2234200
510460
511658
3899089
4289713
3363232
508452
582124
3218962
4135371
5866981
510563
581376
515398
2632135
2087896
509615
511061
1940698
2647645
2369638
508022
1933615
511596
507786
508456
1924072
510288
510477
512251
2331547
507865
3509857
509048
4207403
511314
564351
2718640
3172144
2567752
2892946
2393923
3077194
2358061
5329626
561370
4062949
510480
6079985
511024
4232740
512954
1997878
510714
2719198
3498361
3258112
2398021
4065310
2974381
508495
2505982
512320
4125777
507715
3178186
509388
512804
516235
6110578
513593
2027416
4113369
513031
2268001
2489245
2608822
510469
6123204
513762
1928578
2399893
3993193
6209476
515474
1933312
4024846
4566102
4267829
4214922
3560008
2207077
511290
2401177
511897
512899
513712
2322973
2950870
507571
1966510
510540
2313859
3147307
1940419
510499
2004520
2715154
4060363
2602093
6151420
507580
512021
1944889
2427904
510835
2283010
507539
2055613
1922224
2290552
2214241
5187402
580117
513311
1962331
511966
507911
509926
4294133
508972
509457
510479
2052529
511611
2431825
5302766
516393
2273959
509201
512967
2291098
3276583
513017
2900674
572480
513340
2745640
4062931
584518
507618
3546289
510723
1965808
3539215
510666
1962835
3130960
510418
2761243
4562848
509204
508336
6427802
507980
512835
513012
508382
2893654
5239639
508739
512076
3264178
510524
4665606
3712981
515448
2001757
561447
2655271
5257179
509825
4660143
1971490
2672002
5522111
2770243
3570217
5328185
4170897
3296761
1970962
2020993
3126838
508513
510771
4115715
508232
5237709
2535682
3430600
585142
508386
511682
2002519
512487
559728
508533
2039869
2003104
511634
5378853
508809
2043571
562020
4120511
508583
2373556
2950909
5247578
2372623
2257885
4226589
513454
2037226
507551
3276043
2602468
5861540
5963563
508491
3478465
510691
2038783
2320078
1929079
8852398
509771
3002914
2028406
5216995
508581
578991
4515510
4512919
512641
2837908
4211511
1965139
512498
2381848
2915905
586937
507819
582121
2214151
5333474
2843551
510938
2091193
2024452
4060414
1939678
3036748
512406
2447314
513058
2278492
4089715
5703539
3280771
3546265
511058
4077040
8074790
4105165
513604
2686921
2014615
2062852
510924
4173891
509611
509662
3633811
2363917
5213409
2190160
5226382
4291152
3338620
507801
2972248
5467662
515467
4527051
1973863
3344563
2291398
513776
3234118
3676030
512150
510625
2309977
509498
510010
2420146
5140886
2002819
4232847
510541
510671
508235
3500047
2213263
1970905
4170719
571590
512896
4060387
2230156
515450
3491896
2474674
514996
1960471
2632741
5347976
512427
508101
2750830
2692357
513185
511957
580230
1935307
513595
2670223
2236198
3038050
510314
2294110
2119834
508159
2251132
2267545
512966
510398
3544585
2204812
1921426
512635
5455263
2193142
2343661
5655853
514131
1898398
1898506
512263
2641327
512983
3533620
581124
3179593
511661
4541923
511503
581581
2060683
1960828
4293219
3383881
6208227
510584
3209164
8849763
2364487
510333
3010552
508618
513901
2561626
568666
510280
5471691
3535477
513106
2060623
510727
5355204
2400490
508087
508957
2527882
511610
510513
3541102
1888831
572410
2205169
508365
2026960
516228
510381
512659
511453
2940556
2370670
510874
2404240
513677
508127
513489
4105604
583581
1894726
511081
1906159
2292484
511765
509307
512022
1999966
1909474
511787
5347005
2353375
510326
514435
2223139
4135153
3010558
2377600
509306
2047744
4560989
5285765
5269999
4286209
510712
516425
5628167
510551
507689
2699674
4282564
2092234
586312
514340
3988816
3484885
510489
1924264
515074
2642899
5135763
507700
2998306
508723
3099412
5512757
509114
581147
4184549
2357251
1894123
508326
510649
4134308
508666
1932286
2896561
510018
4206086
2384896
565067
508154
2523130
2381392
6252410
2529718
5434932
3110971
516390
2005873
516203
2429905
3991750
5308129
1965157
509082
2002525
2743717
511175
5264059
2938852
2684035
6106483
3498271
510123
514633
6747759
5493867
513011
510724
5176230
2101723
5199896
4217553
5228580
2315095
3281959
3147103
4276831
582926
510286
512319
4049710
2903311
6145525
510813
2046301
1906540
568675
2667751
508234
2050390
4178635
1936114
2450734
1933990
3877450
4193036
4043014
5718133
2415490
510730
4501006
507984
2965594
2488009
3014923
8849767
581652
3639751
2056714
516303
511509
509972
1922929
2243065
510572
2780689
509423
4081966
2853805
561638
507643
6016197
4183553
3181801
510557
2404885
3630649
512389
6209778
515909
3498244
4183307
3181804
510624
582772
2294932
511590
512917
2034289
513652
580063
512962
580993
513545
2363548
3222265
5370572
2468473
2568775
1920478
3308968
513165
2758486
1909417
508325
2648323
513758
4060333
4112258
513220
2871994
2123389
1914847
513304
581839
511294
4219659
515600
512781
511566
3342754
511547
4669453
5439398
2831302
2059072
2588851
513394
2202880
574010
1918438
508552
513583
510902
512743
2205790
5710033
2871514
581377
4135885
514689
2379733
513669
2003776
5284772
511751
4128905
511387
4129341
1959169
512069
584589
2256049
2276362
560267
2114224
4230972
582271
574191
512100
508237
510512
2971210
510774
1924771
2373415
6047711
2084587
510277
6344234
2819488
1906513
2779609
2364805
2899087
3044032
2254159
3131344
2405632
2721379
510989
4285758
2864662
2259376
515741
1900954
4278936
514106
5714963
6003540
511176
2003236
5190467
3037864
512623
2005129
2066908
2085013
3630112
8855903
3098611
564424
511804
2569789
3061051
2352559
2385862
513637
513146
2231527
511307
2397802
3209068
2630377
2066263
572205
6011232
2594878
2414215
5435230
511082
512890
5421454
512239
3650854
510612
515071
508470
508264
4285818
2893540
2637895
10654910
2544397
3344887
2329351
3140590
512496
516576
1969996
514602
2493826
510087
2292337
2336479
2013955
510577
3329521
2957221
512028
2398075
4720965
1938718
516384
13925735
512992
2414731
516250
510414
511306
578981
4060342
4528226
3031741
2601043
513556
6116650
1935838
2958046
6364675
508850
4218040
2094646
5488239
564749
4694167
510278
514143
6115828
507775
2489347
2108401
572083
2455663
2464612
2342041
1919026
6825421
564996
2033521
3342184
508521
4195416
2488555
512023
509482
511309
2429899
2429911
4689810
508457
3299086
566362
510428
508753
516212
3146809
3566815
3632377
516211
508373
509126
3683848
3706972
3570373
514715
508097
5642579
3681019
4549568
5295562
583838
3492235
511225
509462
4131511
511474
1971439
2060038
3337822
2018530
508715
4517892
511476
2597797
8817471
513465
2982172
3099511
512963
508718
3631837
8827806
3696826
512042
2355499
513008
2648407
2307520
5142608
2080144
8835505
511299
5143111
2455912
2471557
5599217
2438227
4119478
4212535
511551
508415
5611855
2262031
507557
4189533
5151440
3919198
2713000
515902
3102322
4515514
2922049
4093675
3687757
571274
512505
8008917
513379
5255451
4223031
511298
6042860
2097250
2545435
2107303
2410459
512508
3480967
513269
5254078
515933
508302
511557
2006086
1969126
513257
1899544
562433
8712252
5335930
4210836
3056350
5305139
4074934
1913044
2863447
511664
2043706
4733276
2501122
516151
511549
5453088
2420149
2010208
2358940
2122720
2181862
5254055
4115141
512357
2038672
2937730
5433994
2049274
562808
511578
3089320
565017
509267
2404255
561413
510430
3375865
508321
4555806
2444512
559753
6038663
2178826
2448274
3151786
2647597
514590
3468961
4693633
4534610
5530664
3270580
6347076
5621773
3152488
511694
2672446
3476626
5532708
2432653
2412826
511181
5217199
4509549
2875906
4097669
3005209
2855014
512784
5155499
510629
9956973
2908993
2116402
1893607
2273935
4122924
3135175
3504475
511545
564728
3288079
3928222
2372617
1937170
510694
5481647
510362
3210958
2800387
2821888
508657
3682987
3486604
2076541
513742
4096465
572651
2103739
514303
1939924
510756
6295908
510962
513227
3586159
5393369
508560
510324
1916809
4290577
2878423
3669088
6303646
3153529
4195369
2759824
566826
6010495
4285670
1966750
512161
4219743
508157
14153025
2418832
2826115
2231482
1997872
3234601
513725
2548921
4072765
3438427
2208640
4520865
6138711
4228286
4748357
2062576
5251044
2088733
511799
516546
2240488
511015
510309
584515
2666302
513623
511558
3379594
2273362
1939666
5283959
2739061
3713938
2237191
2492500
2877286
5401435
5648462
2688790
5208730
559742
585694
2658403
511604
3664624
509483
3514384
508665
5687824
3877462
582610
514394
8023131
3200341
510313
2546188
584333
5541019
4101860
2200927
6090101
10648842
3656389
511764
1935631
2519368
4705628
513832
1899955
8848166
3210211
582523
3005725
510315
2338303
2875126
3376321
513513
512323
3302833
5451324
513457
562478
2647447
2435098
3187222
5233994
6032819
2517958
2299780
4507364
511313
2833375
3433837
568761
2709268
1943434
2835172
2203813
507965
3526258
512248
2722720
6405466
3472585
3227950
3117436
2122321
8819555
1960021
507983
3701110
4119259
508324
5547422
3522928
2691838
1879345
586726
4703602
3308326
2918341
8917940
514057
2189617
8988542
511614
511550
2015947
3306913
2629465
510502
2371576
514659
511569
2233264
1960912
2563573
5214107
3478009
2032822
5290981
566506
3186649
2001481
3681985
510579
1887451
5709433
2378575
2128414
4221087
586734
516207
2367781
512234
513358
510411
5161065
2007472
2322118
6030056
1972819
514009
4287898
6089106
507973
579061
2005009
5208739
2103445
512388
2459167
515838
511310
3056362
3181084
2267014
510435
513225
3699124
5655644
4276155
2262376
6232395
2636212
515553
568528
2219866
